0
20
51
58
74
80
81
90
93
112
124
131
146
156
160
176
184
189
201
207
221
222
227
238
239
247
273
277
283
288
290
293
300
306
326
331
335
338
345
354
367
370
380
392
396
411
414
418
419
423
435
440
454
456
458
462
465
467
469
471
477
480
485
495
497
500
502
517
522
526
552
553
562
565
585
593
594
604
610
613
623
633
652
662
663
679
700
702
706
732
739
745
748
762
784
795
798
805
807
818
821
822
838
843
846
853
855
857
867
871
873
876
879
893
894
896
897
898
901
927
933
942
958
967
971
978
979
991
995
1004
1005
